#000 1
#111 2
#111111 1
#1c5ab8 1
#1d7a45 1
#2a1e16 4
#2c2c2c 5
#2f2f2f 7
#333 2
#4a2d20 1
#4a4a4a 1
#4b4b4b 3
#4e4e4e 1
#4f4f4f 3
#5a5a5a 3
#5b5148 1
#5c5c5c 1
#666 2
#6a6a6a 1
#6d4836 4
#6d5a4b 2
#6d5d50 1
#6f6f6f 2
#7a665b 2
#7a7a7a 1
#9c6700 1
#a93226 1
#c0392b 6
#c5c5c5 1
#c85a27 1
#d15b1e 1
#d85a27 2
#d8d3cd 4
#e8d4c0 1
#e9f7ed 1
#eb6e34 38
#eddecd 1
#ede3d6 1
#eee2d1 4
#eef5ff 1
#efe6d9 1
#f2ad72 1
#f2e8dd 1
#f2f2f2 1
#f3b185 1
#f3e6d9 1
#f3f3f3 1
#f4f1ea 1
#f5f1ea 2
#f7f5f1 3
#f8f0ea 1
#f8f1e7 1
#f9c89b 1
#f9f5ef 1
#faf5ef 1
#fbfaf7 1
#ff3b30 2
#ffb366 2
#ffb86c 1
#fff 32
#fff3d9 1
#fff5e9 1
#ffffff 18
rgba(0, 0, 0, 0.05) 1
rgba(0, 0, 0, 0.06) 1
rgba(0, 0, 0, 0.08) 5
rgba(0, 0, 0, 0.18) 1
rgba(0, 0, 0, 0.3) 1
rgba(0, 0, 0, 0.35) 1
rgba(0, 0, 0, 0.4) 1
rgba(0, 0, 0, 0.43) 1
rgba(0, 0, 0, 0.7) 1
rgba(0, 0, 0, 0.8) 1
rgba(0,0,0,0.08) 1
rgba(16, 16, 16, 0.95) 1
rgba(235, 110, 52, 0.15) 2
rgba(235, 110, 52, 0.2) 1
rgba(235, 110, 52, 0.25) 2
rgba(235, 110, 52, 0.35) 1
rgba(235, 110, 52, 0.4) 1
rgba(235, 110, 52, 0.5) 1
rgba(255, 255, 255, 0.08) 1
rgba(255, 255, 255, 0.09) 1
rgba(255, 255, 255, 0.1) 1
rgba(255, 255, 255, 0.15) 1
rgba(255, 255, 255, 0.2) 3
rgba(255, 255, 255, 0.28) 1
rgba(255, 255, 255, 0.4) 1
rgba(255, 255, 255, 0.45) 1
rgba(255, 255, 255, 0.6) 3
rgba(255, 255, 255, 0.9) 1
rgba(255, 255, 255, 0.92) 2
rgba(255, 255, 255, 0.95) 1
rgba(255, 255, 255, 0.98) 2
rgba(42, 30, 22, 0.08) 1
rgba(9, 16, 28, 0.15) 1
rgba(9, 16, 28, 0.5) 1
rgba(9, 16, 28, 0.7) 1
